-1 170
-1 193
-1 416
-1 691
-1 706
-1 843
-1 860
-1 885
-1 954
-1 967
-1 1091
-1 1392
-1 1549
-1 1627
-1 1628
-1 1668
-1 1677
-1 1747
-1 1766
0 336
0 665
0 1397
0 1470
0 1712
0 1873
0 2074
1 139
1 289
1 525
1 881
1 1077
1 1141
1 1467
1 1691
1 1913
1 2057
2 275
2 332
2 586
2 711
2 1176
3 29
3 690
3 820
3 1422
3 1630
3 1819
3 2003
4 412
4 595
4 599
4 900
4 939
4 1409
4 1539
4 1737
4 1740
4 1770
4 1968
5 1483
5 1554
5 1687
5 1893
5 2073
5 2085
6 1780
7 184
7 202
7 333
7 373
7 577
7 600
7 602
7 772
7 838
7 971
7 1132
7 1171
7 1273
7 1290
7 1309
7 1333
7 1352
7 1487
7 1514
7 1516
7 1639
7 1689
7 1722
7 1736
7 1827
7 1941
7 1963
7 2055
7 2110
8 236
8 374
8 532
8 591
8 704
8 705
8 876
8 1154
8 1184
8 1219
8 1271
8 1351
8 1371
8 1394
8 1395
8 1513
8 1633
8 1905
8 2041
8 2103
9 415
9 642
9 850
9 916
9 1239
9 1384
9 1390
9 1393
9 1499
9 1679
9 1746
9 1811
9 1983
9 1988
10 24
10 75
10 79
10 249
10 510
10 528
10 712
10 723
10 1287
10 1545
10 1553
10 1829
10 1985
10 2061
11 110
11 192
11 344
11 660
11 1155
11 1334
11 1387
11 1726
11 1760
11 1961
11 1987
11 2047
12 1598
12 1989
13 1276
13 1657
14 152
14 206
14 279
14 541
14 844
14 888
14 938
14 945
14 949
14 979
14 1131
14 1247
14 1477
14 1484
14 1944
14 2052
15 553
15 859
15 941
15 1040
15 1227
15 1241
15 1375
15 1391
15 1512
15 1551
15 2028
15 2069
15 2146
16 62
16 188
16 423
16 533
16 647
16 855
16 870
16 942
16 1041
16 1049
16 1118
16 1346
16 1386
16 1540
16 1723
17 84
17 158
17 529
17 546
17 782
17 864
17 1039
17 1185
17 1260
17 1546
17 1548
17 1603
17 1828
17 1927
18 689
18 702
18 703
18 1527
19 321
19 323
19 1695
19 2113
20 94
20 375
20 644
20 1279
20 1313
20 1612
20 1718
21 162
21 443
21 1018
21 1575
22 48
22 63
22 128
22 311
22 697
22 1055
22 1275
22 1278
22 1428
22 1443
22 1481
22 1622
22 1647
22 1686
22 1702
22 1831
22 1870
22 2036
23 429
23 639
23 1223
23 1291
23 1804
24 103
24 305
24 527
24 555
24 710
24 866
24 898
24 1038
24 1396
24 1455
24 1692
24 1898
