-1 193
-1 860
-1 885
-1 954
-1 1627
-1 1766
0 139
0 289
0 525
0 881
0 1077
-1 1091
0 1141
0 1467
-1 1549
0 1691
0 1913
0 2057
1 336
1 665
1 1397
1 1470
1 1712
1 1873
1 2074
2 275
2 332
2 586
2 711
2 1176
3 29
3 690
-1 691
3 820
3 1422
3 1630
3 1819
3 2003
4 84
4 158
4 529
4 546
4 782
4 864
4 1039
4 1185
-1 1260
4 1546
4 1548
4 1603
4 1828
-1 1927
-1 162
5 443
5 1018
5 1575
6 1483
6 1554
6 1687
-1 1780
6 1893
6 2073
6 2085
7 412
7 599
7 900
7 939
7 1409
7 1737
7 1770
7 1968
8 595
8 1539
8 1740
9 152
9 206
9 279
9 541
9 844
9 888
9 938
9 945
9 949
9 979
9 1131
9 1247
9 1477
9 1484
9 1944
9 2052
10 62
10 188
10 423
10 533
10 647
10 855
10 870
-1 942
10 1041
10 1049
10 1118
10 1346
10 1386
10 1540
-1 1628
10 1668
-1 1677
10 1723
11 553
11 859
11 941
-1 1040
11 1227
11 1241
-1 1375
11 1391
11 1512
11 1551
11 2028
11 2069
11 2146
12 184
12 600
12 602
12 772
12 838
12 971
12 1132
12 1171
12 1273
12 1309
12 1352
12 1514
12 1516
12 1639
12 1736
12 1963
13 24
13 79
13 510
13 712
13 723
13 1371
13 1395
13 1545
13 1553
13 1829
13 1985
13 2061
14 110
14 415
14 642
14 916
14 1239
14 1276
14 1384
14 1390
14 1393
14 1657
14 1746
14 1811
14 1983
14 1987
14 1988
15 236
15 374
15 532
15 591
15 704
-1 705
15 876
15 1154
15 1184
15 1219
15 1271
15 1394
15 1513
15 1905
15 2041
16 202
16 333
16 577
16 1290
16 1333
16 1487
9 1689
16 1722
16 1827
16 1941
16 2055
16 75
17 249
17 373
17 528
17 1287
17 1392
17 2110
-1 192
-1 344
-1 660
-1 1155
-1 1334
18 1351
18 1387
18 1726
18 1760
18 1961
19 850
19 1499
19 1633
19 1679
19 2047
19 2103
20 1598
20 1989
21 706
22 689
22 702
-1 703
22 967
-1 1527
-1 1747
23 48
23 63
23 128
-1 170
23 311
-1 416
23 697
23 843
23 1055
23 1275
23 1278
23 1428
23 1443
23 1481
23 1622
23 1647
23 1686
23 1702
23 1831
23 1870
23 2036
24 94
24 375
24 644
24 1279
24 1313
24 1612
24 1718
25 321
25 323
25 1695
25 2113
26 429
26 639
26 1038
26 1223
26 1291
26 1804
27 103
27 305
27 527
27 555
27 710
27 866
27 898
27 1396
27 1455
27 1692
27 1898
